% Intrinsic and Extrinsic Camera Parameters
%
% This script file can be directly executed under Matlab to recover the camera intrinsic and extrinsic parameters.
% IMPORTANT: This file contains neither the structure of the calibration objects nor the image coordinates of the calibration points.
%            All those complementary variables are saved in the complete matlab data file Calib_Results.mat.
% For more information regarding the calibration model visit http://www.vision.caltech.edu/bouguetj/calib_doc/


%-- Focal length:
fc = [ 657.325420037679920 ; 657.788100865899540 ];

%-- Principal point:
cc = [ 303.062479692235170 ; 242.506034195527060 ];

%-- Skew coefficient:
alpha_c = 0.000000000000000;

%-- Distortion coefficients:
kc = [ -0.253423521534456 ; 0.119740941328303 ; -0.000275609087256 ; 0.000013313665955 ; 0.000000000000000 ];

%-- Focal length uncertainty:
fc_error = [ 0.283227503530178 ; 0.287737409983984 ];

%-- Principal point uncertainty:
cc_error = [ 0.575415706864046 ; 0.550254794779271 ];

%-- Skew coefficient uncertainty:
alpha_c_error = 0.000000000000000;

%-- Distortion coefficients uncertainty:
kc_error = [ 0.002297113467922 ; 0.009365095919996 ; 0.000121044366388 ; 0.000119675728588 ; 0.000000000000000 ];

%-- Image size:
nx = 640;
ny = 480;


%-- Various other variables (may be ignored if you do not use the Matlab Calibration Toolbox):
%-- Those variables are used to control which intrinsic parameters should be optimized

n_ima = 25;						% Number of calibration images
est_fc = [ 1 ; 1 ];					% Estimation indicator of the two focal variables
est_aspect_ratio = 1;				% Estimation indicator of the aspect ratio fc(2)/fc(1)
center_optim = 1;					% Estimation indicator of the principal point
est_alpha = 0;						% Estimation indicator of the skew coefficient
est_dist = [ 1 ; 1 ; 1 ; 1 ; 0 ];	% Estimation indicator of the distortion coefficients


%-- Extrinsic parameters:
%-- The rotation (omc_kk) and the translation (Tc_kk) vectors for every calibration image and their uncertainties

%-- Image #1:
omc_1 = [ 1.654871e+00 ; 1.652035e+00 ; -6.695431e-01 ];
Tc_1  = [ -1.776753e+02 ; -8.379783e+01 ; 8.530301e+02 ];
omc_error_1 = [ 7.181199e-04 ; 8.900891e-04 ; 1.172574e-03 ];
Tc_error_1  = [ 7.475510e-01 ; 7.206685e-01 ; 3.921327e-01 ];

%-- Image #2:
omc_2 = [ 1.849091e+00 ; 1.900733e+00 ; -3.967731e-01 ];
Tc_2  = [ -1.550238e+02 ; -1.594049e+02 ; 7.575447e+02 ];
omc_error_2 = [ 7.554827e-04 ; 8.936383e-04 ; 1.434164e-03 ];
Tc_error_2  = [ 6.673734e-01 ; 6.387454e-01 ; 3.814478e-01 ];

%-- Image #3:
omc_3 = [ 1.742567e+00 ; 2.077811e+00 ; -5.051043e-01 ];
Tc_3  = [ -1.252339e+02 ; -1.746405e+02 ; 7.754666e+02 ];
omc_error_3 = [ 6.950128e-04 ; 9.468658e-04 ; 1.486425e-03 ];
Tc_error_3  = [ 6.823875e-01 ; 6.536958e-01 ; 3.642108e-01 ];

%-- Image #4:
omc_4 = [ 1.828081e+00 ; 2.116865e+00 ; -1.103145e+00 ];
Tc_4  = [ -6.445222e+01 ; -1.548893e+02 ; 7.790533e+02 ];
omc_error_4 = [ 6.259007e-04 ; 9.753803e-04 ; 1.359736e-03 ];
Tc_error_4  = [ 6.881290e-01 ; 6.524122e-01 ; 2.916153e-01 ];

%-- Image #5:
omc_5 = [ 1.079310e+00 ; 1.922564e+00 ; -2.532321e-01 ];
Tc_5  = [ -9.231063e+01 ; -2.289878e+02 ; 7.367727e+02 ];
omc_error_5 = [ 5.994006e-04 ; 8.949344e-04 ; 1.056345e-03 ];
Tc_error_5  = [ 6.548279e-01 ; 6.224512e-01 ; 3.557809e-01 ];

%-- Image #6:
omc_6 = [ -1.701467e+00 ; -1.929159e+00 ; -7.915157e-01 ];
Tc_6  = [ -1.489007e+02 ; -7.965938e+01 ; 4.446998e+02 ];
omc_error_6 = [ 5.814702e-04 ; 9.066451e-04 ; 1.244725e-03 ];
Tc_error_6  = [ 3.928428e-01 ; 3.847864e-01 ; 3.148380e-01 ];

%-- Image #7:
omc_7 = [ 1.996642e+00 ; 1.931569e+00 ; 1.310770e+00 ];
Tc_7  = [ -8.297920e+01 ; -7.772246e+01 ; 4.400619e+02 ];
omc_error_7 = [ 1.055837e-03 ; 5.711366e-04 ; 1.323600e-03 ];
Tc_error_7  = [ 3.950034e-01 ; 3.764907e-01 ; 3.243537e-01 ];

%-- Image #8:
omc_8 = [ 1.961163e+00 ; 1.824250e+00 ; 1.326622e+00 ];
Tc_8  = [ -1.701213e+02 ; -1.035266e+02 ; 4.618931e+02 ];
omc_error_8 = [ 1.015213e-03 ; 5.857089e-04 ; 1.274268e-03 ];
Tc_error_8  = [ 4.316254e-01 ; 4.093289e-01 ; 3.660517e-01 ];

%-- Image #9:
omc_9 = [ -1.363591e+00 ; -1.980307e+00 ; 3.212355e-01 ];
Tc_9  = [ -1.872298e+00 ; -2.250857e+02 ; 7.283330e+02 ];
omc_error_9 = [ 7.064102e-04 ; 9.028922e-04 ; 1.202389e-03 ];
Tc_error_9  = [ 6.470458e-01 ; 6.129475e-01 ; 3.729275e-01 ];

%-- Image #10:
omc_10 = [ -1.513003e+00 ; -2.086564e+00 ; 1.890259e-01 ];
Tc_10  = [ -2.954783e+01 ; -3.003979e+02 ; 8.599671e+02 ];
omc_error_10 = [ 8.833399e-04 ; 1.060268e-03 ; 1.624596e-03 ];
Tc_error_10  = [ 7.774479e-01 ; 7.284486e-01 ; 5.015528e-01 ];

%-- Image #11:
omc_11 = [ -1.793095e+00 ; -2.064988e+00 ; -4.798113e-01 ];
Tc_11  = [ -1.510425e+02 ; -2.354181e+02 ; 7.045666e+02 ];
omc_error_11 = [ 8.161117e-04 ; 1.000720e-03 ; 1.739668e-03 ];
Tc_error_11  = [ 6.369928e-01 ; 6.246916e-01 ; 5.137126e-01 ];

%-- Image #12:
omc_12 = [ -1.838886e+00 ; -2.087287e+00 ; -5.155071e-01 ];
Tc_12  = [ -1.334803e+02 ; -1.772606e+02 ; 6.047662e+02 ];
omc_error_12 = [ 6.895845e-04 ; 9.483170e-04 ; 1.586210e-03 ];
Tc_error_12  = [ 5.426943e-01 ; 5.279207e-01 ; 4.280472e-01 ];

%-- Image #13:
omc_13 = [ -1.918819e+00 ; -2.116578e+00 ; -5.942208e-01 ];
Tc_13  = [ -1.326915e+02 ; -1.435989e+02 ; 5.446287e+02 ];
omc_error_13 = [ 6.415930e-04 ; 9.337220e-04 ; 1.548314e-03 ];
Tc_error_13  = [ 4.875233e-01 ; 4.724729e-01 ; 3.864993e-01 ];

%-- Image #14:
omc_14 = [ -1.954213e+00 ; -2.124610e+00 ; -5.846315e-01 ];
Tc_14  = [ -1.235973e+02 ; -1.371690e+02 ; 4.906894e+02 ];
omc_error_14 = [ 6.015796e-04 ; 9.119030e-04 ; 1.509317e-03 ];
Tc_error_14  = [ 4.399242e-01 ; 4.252173e-01 ; 3.455504e-01 ];

%-- Image #15:
omc_15 = [ -2.110703e+00 ; -2.253849e+00 ; -4.953507e-01 ];
Tc_15  = [ -1.991466e+02 ; -1.345267e+02 ; 4.748374e+02 ];
omc_error_15 = [ 6.998089e-04 ; 8.669129e-04 ; 1.656954e-03 ];
Tc_error_15  = [ 4.316620e-01 ; 4.215521e-01 ; 3.704859e-01 ];

%-- Image #16:
omc_16 = [ 1.886898e+00 ; 2.336159e+00 ; -1.740153e-01 ];
Tc_16  = [ -1.593061e+01 ; -1.703299e+02 ; 6.955484e+02 ];
omc_error_16 = [ 9.595518e-04 ; 9.996842e-04 ; 2.103013e-03 ];
Tc_error_16  = [ 6.138693e-01 ; 5.820185e-01 ; 4.290627e-01 ];

%-- Image #17:
omc_17 = [ -1.612657e+00 ; -1.953291e+00 ; -3.474493e-01 ];
Tc_17  = [ -1.352193e+02 ; -1.389535e+02 ; 4.899171e+02 ];
omc_error_17 = [ 5.820870e-04 ; 8.606187e-04 ; 1.242641e-03 ];
Tc_error_17  = [ 4.337476e-01 ; 4.216120e-01 ; 3.050575e-01 ];

%-- Image #18:
omc_18 = [ -1.341670e+00 ; -1.692547e+00 ; -2.970808e-01 ];
Tc_18  = [ -1.853878e+02 ; -1.577913e+02 ; 4.409963e+02 ];
omc_error_18 = [ 6.620780e-04 ; 8.237750e-04 ; 9.743127e-04 ];
Tc_error_18  = [ 3.939602e-01 ; 3.841272e-01 ; 2.910054e-01 ];

%-- Image #19:
omc_19 = [ -1.925772e+00 ; -1.838060e+00 ; -1.440421e+00 ];
Tc_19  = [ -1.065821e+02 ; -7.956613e+01 ; 3.340201e+02 ];
omc_error_19 = [ 5.748349e-04 ; 9.907413e-04 ; 1.249729e-03 ];
Tc_error_19  = [ 3.064073e-01 ; 2.939451e-01 ; 2.692447e-01 ];

%-- Image #20:
omc_20 = [ 1.895990e+00 ; 1.593234e+00 ; 1.471832e+00 ];
Tc_20  = [ -1.439003e+02 ; -8.796251e+01 ; 3.962746e+02 ];
omc_error_20 = [ 1.024365e-03 ; 5.934841e-04 ; 1.148515e-03 ];
Tc_error_20  = [ 3.737378e-01 ; 3.506840e-01 ; 3.227433e-01 ];

%-- Image #21:
omc_21 = [ 1.930284e+00 ; 1.667550e+00 ; 1.441952e+00 ];
Tc_21  = [ -8.334588e+01 ; -8.482724e+01 ; 4.060786e+02 ];
omc_error_21 = [ 1.044722e-03 ; 6.088981e-04 ; 1.189408e-03 ];
Tc_error_21  = [ 3.695720e-01 ; 3.493965e-01 ; 3.121837e-01 ];

%-- Image #22:
omc_22 = [ 2.106234e+00 ; 1.697870e+00 ; 7.001426e-01 ];
Tc_22  = [ -2.011345e+02 ; -1.445424e+02 ; 5.424828e+02 ];
omc_error_22 = [ 8.966770e-04 ; 6.471430e-04 ; 1.432218e-03 ];
Tc_error_22  = [ 5.079559e-01 ; 4.707014e-01 ; 4.162872e-01 ];

%-- Image #23:
omc_23 = [ -1.363701e+00 ; -1.714478e+00 ; -1.445573e-01 ];
Tc_23  = [ -1.631456e+02 ; -1.919727e+02 ; 5.844208e+02 ];
omc_error_23 = [ 6.890847e-04 ; 8.251189e-04 ; 1.027550e-03 ];
Tc_error_23  = [ 5.218249e-01 ; 5.008499e-01 ; 3.458442e-01 ];

%-- Image #24:
