% Intrinsic and Extrinsic Camera Parameters
%
% This script file can be directly executed under Matlab to recover the camera intrinsic and extrinsic parameters.
% IMPORTANT: This file contains neither the structure of the calibration objects nor the image coordinates of the calibration points.
%            All those complementary variables are saved in the complete matlab data file Calib_Results.mat.
% For more information regarding the calibration model visit http://www.vision.caltech.edu/bouguetj/calib_doc/


%-- Focal length:
fc = [ 217143.875712604260000 ; 168591.855939185010000 ];

%-- Principal point:
cc = [ 255.500000000000000 ; 74.500000000000000 ];

%-- Skew coefficient:
alpha_c = 0.000000000000000;

%-- Distortion coefficients:
kc = [ 418.880830610554430 ; -618437.684367173820000 ; -1.846700341639232 ; -1.485004890224938 ; 0.000000000000000 ];

%-- Focal length uncertainty:
fc_error = [ 224563.927033337530000 ; 127238.120376031150000 ];

%-- Principal point uncertainty:
cc_error = [ 0.000000000000000 ; 0.000000000000000 ];

%-- Skew coefficient uncertainty:
alpha_c_error = 0.000000000000000;

%-- Distortion coefficients uncertainty:
kc_error = [ 739.473799999586620 ; 2228220.414346592000000 ; 1.798637854879732 ; 1.197500048958672 ; 0.000000000000000 ];

%-- Image size:
nx = 512;
ny = 150;


%-- Various other variables (may be ignored if you do not use the Matlab Calibration Toolbox):
%-- Those variables are used to control which intrinsic parameters should be optimized

n_ima = 25;						% Number of calibration images
est_fc = [ 1 ; 1 ];					% Estimation indicator of the two focal variables
est_aspect_ratio = 1;				% Estimation indicator of the aspect ratio fc(2)/fc(1)
center_optim = 0;					% Estimation indicator of the principal point
est_alpha = 0;						% Estimation indicator of the skew coefficient
est_dist = [ 1 ; 1 ; 1 ; 1 ; 0 ];	% Estimation indicator of the distortion coefficients


%-- Extrinsic parameters:
%-- The rotation (omc_kk) and the translation (Tc_kk) vectors for every calibration image and their uncertainties

%-- Image #1:
omc_1 = [ -1.955688e+00 ; -1.683363e+00 ; 6.454455e-01 ];
Tc_1  = [ 6.255261e+01 ; 1.033883e+02 ; 7.332051e+04 ];
omc_error_1 = [ 2.654288e-01 ; 2.308678e-01 ; 4.263268e-01 ];
Tc_error_1  = [ 2.153265e+01 ; 1.302939e+00 ; 5.530615e+04 ];

%-- Image #2:
omc_2 = [ -2.798471e+00 ; 4.585729e-01 ; -9.929049e-01 ];
Tc_2  = [ 1.896229e+02 ; 4.644036e+02 ; 7.548170e+04 ];
omc_error_2 = [ 2.565063e-01 ; 3.299147e-02 ; 5.938635e-01 ];
Tc_error_2  = [ 6.543164e+01 ; 8.388224e-01 ; 5.691583e+04 ];

%-- Image #3:
omc_3 = [ 1.753742e+00 ; 1.850245e+00 ; 6.064530e-01 ];
Tc_3  = [ 1.054947e+02 ; 1.109974e+02 ; 7.323168e+04 ];
omc_error_3 = [ 2.535635e-01 ; 2.740569e-01 ; 3.555973e-01 ];
Tc_error_3  = [ 3.697319e+01 ; 1.179321e+00 ; 5.519827e+04 ];

%-- Image #4:
omc_4 = [ NaN ; NaN ; NaN ];
Tc_4  = [ NaN ; NaN ; NaN ];
omc_error_4 = [ NaN ; NaN ; NaN ];
Tc_error_4  = [ NaN ; NaN ; NaN ];

%-- Image #5:
omc_5 = [ NaN ; NaN ; NaN ];
Tc_5  = [ NaN ; NaN ; NaN ];
omc_error_5 = [ NaN ; NaN ; NaN ];
Tc_error_5  = [ NaN ; NaN ; NaN ];

%-- Image #6:
omc_6 = [ NaN ; NaN ; NaN ];
Tc_6  = [ NaN ; NaN ; NaN ];
omc_error_6 = [ NaN ; NaN ; NaN ];
Tc_error_6  = [ NaN ; NaN ; NaN ];

%-- Image #7:
omc_7 = [ NaN ; NaN ; NaN ];
Tc_7  = [ NaN ; NaN ; NaN ];
omc_error_7 = [ NaN ; NaN ; NaN ];
Tc_error_7  = [ NaN ; NaN ; NaN ];

%-- Image #8:
omc_8 = [ NaN ; NaN ; NaN ];
Tc_8  = [ NaN ; NaN ; NaN ];
omc_error_8 = [ NaN ; NaN ; NaN ];
Tc_error_8  = [ NaN ; NaN ; NaN ];

%-- Image #9:
omc_9 = [ NaN ; NaN ; NaN ];
Tc_9  = [ NaN ; NaN ; NaN ];
omc_error_9 = [ NaN ; NaN ; NaN ];
Tc_error_9  = [ NaN ; NaN ; NaN ];

%-- Image #10:
omc_10 = [ NaN ; NaN ; NaN ];
Tc_10  = [ NaN ; NaN ; NaN ];
omc_error_10 = [ NaN ; NaN ; NaN ];
Tc_error_10  = [ NaN ; NaN ; NaN ];

%-- Image #11:
omc_11 = [ NaN ; NaN ; NaN ];
Tc_11  = [ NaN ; NaN ; NaN ];
omc_error_11 = [ NaN ; NaN ; NaN ];
Tc_error_11  = [ NaN ; NaN ; NaN ];

%-- Image #12:
omc_12 = [ NaN ; NaN ; NaN ];
Tc_12  = [ NaN ; NaN ; NaN ];
omc_error_12 = [ NaN ; NaN ; NaN ];
Tc_error_12  = [ NaN ; NaN ; NaN ];

%-- Image #13:
omc_13 = [ NaN ; NaN ; NaN ];
Tc_13  = [ NaN ; NaN ; NaN ];
omc_error_13 = [ NaN ; NaN ; NaN ];
Tc_error_13  = [ NaN ; NaN ; NaN ];

%-- Image #14:
omc_14 = [ NaN ; NaN ; NaN ];
Tc_14  = [ NaN ; NaN ; NaN ];
omc_error_14 = [ NaN ; NaN ; NaN ];
Tc_error_14  = [ NaN ; NaN ; NaN ];

%-- Image #15:
omc_15 = [ NaN ; NaN ; NaN ];
Tc_15  = [ NaN ; NaN ; NaN ];
omc_error_15 = [ NaN ; NaN ; NaN ];
Tc_error_15  = [ NaN ; NaN ; NaN ];

%-- Image #16:
omc_16 = [ NaN ; NaN ; NaN ];
Tc_16  = [ NaN ; NaN ; NaN ];
omc_error_16 = [ NaN ; NaN ; NaN ];
Tc_error_16  = [ NaN ; NaN ; NaN ];

%-- Image #17:
omc_17 = [ NaN ; NaN ; NaN ];
Tc_17  = [ NaN ; NaN ; NaN ];
omc_error_17 = [ NaN ; NaN ; NaN ];
Tc_error_17  = [ NaN ; NaN ; NaN ];

%-- Image #18:
omc_18 = [ NaN ; NaN ; NaN ];
Tc_18  = [ NaN ; NaN ; NaN ];
omc_error_18 = [ NaN ; NaN ; NaN ];
Tc_error_18  = [ NaN ; NaN ; NaN ];

%-- Image #19:
omc_19 = [ NaN ; NaN ; NaN ];
Tc_19  = [ NaN ; NaN ; NaN ];
omc_error_19 = [ NaN ; NaN ; NaN ];
Tc_error_19  = [ NaN ; NaN ; NaN ];

%-- Image #20:
omc_20 = [ NaN ; NaN ; NaN ];
Tc_20  = [ NaN ; NaN ; NaN ];
omc_error_20 = [ NaN ; NaN ; NaN ];
Tc_error_20  = [ NaN ; NaN ; NaN ];

%-- Image #21:
omc_21 = [ NaN ; NaN ; NaN ];
Tc_21  = [ NaN ; NaN ; NaN ];
omc_error_21 = [ NaN ; NaN ; NaN ];
Tc_error_21  = [ NaN ; NaN ; NaN ];

%-- Image #22:
omc_22 = [ NaN ; NaN ; NaN ];
Tc_22  = [ NaN ; NaN ; NaN ];
omc_error_22 = [ NaN ; NaN ; NaN ];
Tc_error_22  = [ NaN ; NaN ; NaN ];

%-- Image #23:
omc_23 = [ NaN ; NaN ; NaN ];
Tc_23  = [ NaN ; NaN ; NaN ];
omc_error_23 = [ NaN ; NaN ; NaN ];
Tc_error_23  = [ NaN ; NaN ; NaN ];

%-- Image #24:
omc_24 = [ NaN ; NaN ; NaN ];
Tc_24  = [ NaN ; NaN ; NaN ];
omc_error_24 = [ NaN ; NaN ; NaN ];
Tc_error_24  = [ NaN ; NaN ; NaN ];

%-- Image #25:
omc_25 = [ NaN ; NaN ; NaN ];
Tc_25  = [ NaN ; NaN ; NaN ];
omc_error_25 = [ NaN ; NaN ; NaN ];
Tc_error_25  = [ NaN ; NaN ; NaN ];

